0 1.0 1.7845502 0.022605695
0 10.0 0.14354764 0.2634855
0 15.0 0.5469419 0.4335153
0 30.0 10.37261 0.47568882
1 1.0 0.28519428 0.03563027
1 10.0 1.1716454 0.13609262
1 15.0 0.15738761 0.49320018
1 30.0 1.5293213 1.3400652
2 1.0 0.0077229384 0.3050034
2 10.0 0.06924085 0.0675307
2 15.0 0.22661322 0.09132744
2 30.0 1.0661631 1.0039067
3 1.0 0.011661555 0.008186217
3 10.0 0.36101064 0.08841521
3 15.0 0.18197083 0.3285264
3 30.0 0.24358235 0.41392538
4 1.0 3.335947 0.008938664
4 10.0 0.15911481 0.14813098
4 15.0 0.5868977 0.23018277
4 30.0 3.8279521 5.5225663
5 1.0 0.075861335 0.010173508
5 10.0 0.06539655 0.10574033
5 15.0 1.0827284 0.4652566
5 30.0 0.21219143 0.32757014
6 1.0 0.4919569 0.0116801215
6 10.0 0.1490737 0.024288185
6 15.0 0.22364648 0.92772084
6 30.0 0.88862973 0.7307665
7 1.0 0.0985971 0.08408116
7 10.0 0.30043915 0.37126863
7 15.0 0.3714532 0.16262646
7 30.0 0.27612144 0.2757772
8 1.0 0.0083770035 0.09091083
8 10.0 0.21745586 0.066471085
8 15.0 0.123617634 0.18029256
8 30.0 0.3511151 0.61694175
9 1.0 0.014156111 0.003125789
9 10.0 0.0558594 0.06268853
9 15.0 0.043428544 0.26118496
9 30.0 0.7345966 0.31194732
10 1.0 0.07449294 0.003690006
10 10.0 0.3725904 0.08424247
10 15.0 0.748754 0.084832236
10 30.0 0.6387677 1.3234204
11 1.0 0.024710052 0.008276257
11 10.0 0.04821002 0.06471438
11 15.0 0.050446697 0.054373167
11 30.0 2.010958 0.79033464
12 1.0 0.46368924 0.005457781
12 10.0 0.23422194 0.45107406
12 15.0 0.03329151 0.78320557
12 30.0 0.15738866 0.14003013
13 1.0 0.026678799 0.024928752
13 10.0 0.30246124 1.415296
13 15.0 0.98617303 0.9256249
13 30.0 0.10312494 0.09943691
14 1.0 0.0053275703 0.7509711
14 10.0 0.941759 0.11090546
14 15.0 0.80914277 0.606573
14 30.0 0.3487074 0.48587787
15 1.0 0.0022688487 0.004555819
15 10.0 0.32617575 0.1246346
15 15.0 0.05134596 0.2629512
15 30.0 0.2718125 0.8238589
16 1.0 0.015744017 0.008444914
16 10.0 2.171234 0.09996333
16 15.0 0.08786711 0.8916186
16 30.0 2.079106 0.44272748
17 1.0 0.007670971 0.0030925286
17 10.0 0.042444933 0.028784512
17 15.0 0.052687075 0.62544197
17 30.0 0.46496648 0.5067933
18 1.0 0.03811816 0.04612727
18 10.0 0.10576538 0.07153465
18 15.0 0.18428269 0.5726755
18 30.0 1.2422047 0.23182273
19 1.0 0.14260374 0.003421113
19 10.0 0.033116885 0.025957152
19 15.0 1.2524493 0.7263938
19 30.0 1.9390496 0.6033567
20 1.0 0.18789293 0.015549642
20 10.0 0.031320374 0.049987707
20 15.0 0.22667982 0.11686105
20 30.0 0.15105917 0.18934093
21 1.0 0.020029427 0.008150981
21 10.0 0.023448925 0.48136637
21 15.0 0.69992346 0.18070662
21 30.0 0.6351537 0.26671344
22 1.0 0.0028972034 0.022749068
22 10.0 0.16793557 0.04974044
22 15.0 0.038214225 0.067981265
22 30.0 1.1219782 0.2621708
23 1.0 0.0010981418 0.027083106
23 10.0 0.18129031 0.13420746
23 15.0 0.50522405 1.4240819
23 30.0 0.87981045 0.6607596
24 1.0 0.0048647267 0.13546853
24 10.0 0.059378818 0.099533364
24 15.0 0.08349681 0.06873636
24 30.0 2.821188 0.54922616
25 1.0 0.0347958 0.013686446
25 10.0 0.04675771 0.21680342
25 15.0 0.20519869 0.037049588
25 30.0 0.3105709 0.43585265
26 1.0 0.009334502 0.02034443
26 10.0 0.071156085 0.2491237
26 15.0 0.06772014 0.04569836
26 30.0 0.4717179 2.2035105
27 1.0 0.08367395 0.05957824
27 10.0 0.322596 0.027499694
27 15.0 0.073868304 0.8326512
27 30.0 0.72054356 0.7006705
28 1.0 0.018689299 0.012164577
28 10.0 0.020161683 0.022961793
28 15.0 0.023784494 0.07981532
28 30.0 0.80512595 0.1461984
29 1.0 0.0072376514 0.009675774
29 10.0 0.024125034 0.026824053
29 15.0 0.051392753 0.27652758
29 30.0 0.58856106 1.2714348
30 1.0 0.004489385 0.013735143
30 10.0 0.10754265 0.3366278
30 15.0 0.10044602 0.048347782
30 30.0 1.0931627 0.2666585
31 1.0 0.026313137 0.0062120203
31 10.0 0.033740357 0.08815906
31 15.0 0.112423435 0.16608599
31 30.0 0.13255136 0.2673625
32 1.0 0.060078632 0.0021633662
32 10.0 0.26461938 0.03717075
32 15.0 0.09121031 0.22931021
32 30.0 0.2738045 0.2445007
33 1.0 0.0125313755 0.0027422584
33 10.0 0.06290271 0.080677584
33 15.0 0.6193775 0.05161726
33 30.0 0.39430144 2.3576536
34 1.0 0.03171759 0.013158436
34 10.0 1.0665842 0.032546617
34 15.0 0.7555955 0.36826685
34 30.0 0.18163599 0.16689873
35 1.0 0.001962362 0.0023815418
35 10.0 0.034088124 0.01530072
35 15.0 0.046707973 0.78316045
35 30.0 0.5886927 0.95315224
36 1.0 0.0038132041 0.111312225
36 10.0 0.05365077 0.2374509
36 15.0 0.122571535 0.11649567
36 30.0 0.7234515 0.49210054
37 1.0 0.0018791064 0.0022846616
37 10.0 0.22596106 0.25508976
37 15.0 0.03452627 0.044197388
37 30.0 1.3857399 3.4056373
38 1.0 0.0020179907 0.0027897963
38 10.0 0.011502308 0.09728574
38 15.0 0.14731495 0.9639794
38 30.0 0.32892448 0.69598985
39 1.0 0.005118091 0.0028467856
39 10.0 0.2609645 0.014444149
39 15.0 0.77228284 0.32767475
39 30.0 0.3756677 0.15856157
40 1.0 0.017674603 0.00188165
40 10.0 0.33973503 1.7491866
40 15.0 0.08013231 0.28667492
40 30.0 0.86846393 0.41778412
41 1.0 0.0018360018 0.0021011073
41 10.0 0.08850184 0.012224651
41 15.0 0.09125469 0.0762044
41 30.0 0.09531271 0.1198507
42 1.0 0.0043713422 0.0029739828
42 10.0 0.21452284 0.18595256
42 15.0 0.21396048 0.26604682
42 30.0 0.6698156 0.32883763
43 1.0 0.005281512 0.0060911123
43 10.0 0.04002476 0.09740442
43 15.0 0.040078826 0.27928743
43 30.0 0.10982786 0.1043145
44 1.0 0.5842083 0.003987512
44 10.0 0.1532518 0.029776737
44 15.0 0.32129285 0.20005383
44 30.0 0.7212172 0.22482786
45 1.0 0.083515026 0.037563134
45 10.0 0.059284333 0.26573345
45 15.0 0.1502626 0.27374
45 30.0 0.13173193 0.51056385
46 1.0 0.001654076 0.002492627
46 10.0 0.0529926 0.12104866
46 15.0 0.015124185 0.04280755
46 30.0 0.5526096 0.9394433
47 1.0 3.2999382 0.0045265225
47 10.0 0.31927192 0.067783035
47 15.0 0.061797667 0.43260923
47 30.0 0.21521187 0.37849492
48 1.0 1.4463879 0.0034678841
48 10.0 0.020783847 0.020930568
48 15.0 0.64561814 0.055066064
48 30.0 0.18641017 0.7032119
49 1.0 0.0065755215 0.0053129047
49 10.0 0.100123316 0.03248522
49 15.0 0.083409056 0.025561621
49 30.0 0.7022003 0.835881
50 1.0 0.0044554854 0.013911891
50 10.0 0.059391003 0.032975573
50 15.0 0.026897144 0.13185929
50 30.0 1.0000002 5.054744
51 1.0 0.0023301095 0.0056040236
51 10.0 0.0806945 0.032561235
51 15.0 0.14121096 0.111639746
51 30.0 0.3615697 0.2715166
52 1.0 0.0044895727 0.002362998
52 10.0 0.103651024 0.29315248
52 15.0 0.093335226 0.18891352
52 30.0 0.61162615 0.405739
53 1.0 0.007671083 0.0033654121
53 10.0 0.35033286 0.035882648
53 15.0 0.15615207 0.21472424
53 30.0 0.13939178 0.2434883
54 1.0 0.008182638 0.0022024766
54 10.0 0.04327535 0.28699955
54 15.0 0.021136124 0.11876662
54 30.0 0.14938127 0.24515784
55 1.0 0.0033692194 0.004213214
55 10.0 0.01527788 0.019783035
55 15.0 0.061818402 0.31562543
55 30.0 0.18461269 0.3425106
56 1.0 1.0529158 0.0018566858
56 10.0 0.08095333 0.41092083
56 15.0 0.5795074 0.13889569
56 30.0 0.16763839 0.57912064
57 1.0 0.005908422 0.0047125076
57 10.0 0.16046768 0.047499653
57 15.0 0.23339733 0.10113
57 30.0 1.0454841 2.1977682
58 1.0 0.006647255 0.020726508
58 10.0 0.20900938 0.028077485
58 15.0 0.20232694 0.83800787
58 30.0 0.08443306 0.044503666
59 1.0 0.0035532112 0.050909027
59 10.0 0.13905768 0.23568824
59 15.0 0.07820129 1.0615597
59 30.0 0.2530271 0.16495834
60 1.0 0.0018305337 0.004397254
60 10.0 0.37525833 0.12646544
60 15.0 0.054343157 0.2768212
60 30.0 0.15211262 0.26715815
61 1.0 0.0013083754 0.0033403232
61 10.0 0.21459042 0.015710993
61 15.0 0.11614516 0.041535128
61 30.0 0.4886475 0.34281212
62 1.0 0.0029779244 0.0031293698
62 10.0 0.03808942 0.43419757
62 15.0 0.026023522 0.0463118
62 30.0 0.37642008 0.5074389
63 1.0 0.008356147 0.087249696
63 10.0 0.038740076 0.05443442
63 15.0 0.4050951 0.09197771
63 30.0 0.11590904 0.29665285
64 1.0 0.013931161 0.005333942
64 10.0 0.16735709 0.030577788
64 15.0 0.30269685 0.06272533
64 30.0 0.20628043 0.16794945
65 1.0 0.005940523 0.013198586
65 10.0 0.059274916 0.014584424
65 15.0 0.16524474 0.27885446
65 30.0 0.22304283 0.2627885
66 1.0 0.01291454 0.012662278
66 10.0 0.09807313 0.43152535
66 15.0 0.11212512 0.09941845
66 30.0 0.15335539 0.12532368
67 1.0 0.03818361 0.009975889
67 10.0 0.054443248 0.42940903
67 15.0 0.5960393 0.06810527
67 30.0 0.78064555 0.32141134
68 1.0 0.0019996667 0.004827479
68 10.0 0.059938736 0.034925427
68 15.0 0.05423892 2.3324907
68 30.0 0.25213093 3.932116
69 1.0 0.0034713647 0.02781081
69 10.0 0.02704677 0.08439259
69 15.0 0.13164274 0.06796289
69 30.0 0.07245521 0.87202054
70 1.0 0.0031098276 0.0032388773
70 10.0 0.118941136 0.09090482
70 15.0 0.091788016 0.17312934
70 30.0 0.17718409 0.26158118
71 1.0 0.0034916888 0.009559583
71 10.0 0.39991844 0.04142184
71 15.0 0.09341259 0.3948436
71 30.0 0.32696888 0.29858124
72 1.0 0.0061888373 0.0064891283
72 10.0 0.32216075 0.16329224
72 15.0 0.016655851 0.08667253
72 30.0 1.6387978 0.33234745
73 1.0 1.0076435 0.0036908172
73 10.0 0.09371605 0.011116081
73 15.0 0.3775674 0.08269243
73 30.0 0.18979648 0.077851295
74 1.0 0.016948598 0.009063985
74 10.0 0.032433096 0.023358388
74 15.0 0.49445215 0.10160432
74 30.0 1.425315 0.29362783
75 1.0 0.13779913 0.0026261322
75 10.0 0.068957426 0.023824867
75 15.0 0.05587526 0.22168878
75 30.0 0.7654526 0.41788647
76 1.0 0.0037311562 0.0132197505
76 10.0 0.24926472 0.011989267
76 15.0 0.47926012 0.15977544
76 30.0 0.11210523 0.59832656
77 1.0 0.004603918 0.009995848
77 10.0 0.019560626 0.11093282
77 15.0 0.05248848 0.06520713
77 30.0 0.35880083 0.3718129
78 1.0 0.008708974 0.0047637606
78 10.0 0.05206805 0.048539907
78 15.0 0.22694516 0.05425852
78 30.0 0.5131375 0.4342053
79 1.0 0.032023862 0.014672202
79 10.0 0.048154786 0.10455335
79 15.0 0.037070133 0.20696013
79 30.0 1.0419858 1.2504395
80 1.0 0.012384156 0.002842216
80 10.0 0.01720048 0.023256324
80 15.0 0.5234924 0.04540056
80 30.0 0.5836254 0.19185704
81 1.0 0.0057321307 0.0043039406
81 10.0 0.14169472 0.035226427
81 15.0 0.028094286 0.06300991
81 30.0 0.37545624 0.80371404
82 1.0 0.0038073985 0.0023321745
82 10.0 0.026291896 0.1747783
82 15.0 0.1366118 0.039540283
82 30.0 0.20021904 1.6277474
83 1.0 0.012460315 0.009332983
83 10.0 0.018282562 0.15982695
83 15.0 0.43391994 0.039038636
83 30.0 0.6785792 0.5399976
84 1.0 0.07607965 0.0022326468
84 10.0 0.20724571 0.033588372
84 15.0 0.16191758 0.030626357
84 30.0 0.47012964 0.47396475
85 1.0 0.0049378215 0.004793894
85 10.0 0.03601062 0.02830942
85 15.0 0.72684264 0.117193006
85 30.0 0.26295438 0.22931188
86 1.0 0.012157355 0.003002042
86 10.0 0.10130673 0.1444257
86 15.0 0.11459318 0.020430034
86 30.0 0.7063694 0.845404
87 1.0 0.053571977 0.16151157
87 10.0 0.21743956 0.04292438
87 15.0 0.070989005 0.60687435
87 30.0 0.062090542 0.09010974
88 1.0 0.0031760759 0.0057950155
88 10.0 0.04858625 0.019139864
88 15.0 0.15645574 0.03881244
88 30.0 0.3424156 1.0478898
89 1.0 0.03417499 0.04976735
89 10.0 0.01944704 0.21698767
89 15.0 0.30225208 0.036571268
89 30.0 0.17928325 0.25271764
90 1.0 0.0025856802 0.006830836
90 10.0 0.1645071 0.14187801
90 15.0 0.080434814 0.025172023
90 30.0 0.2456789 1.8077648
91 1.0 0.041899737 0.0052084015
91 10.0 0.4670954 0.14856084
91 15.0 0.3748669 0.2049502
91 30.0 0.4085268 1.5756847
92 1.0 0.0028368607 0.005089678
92 10.0 0.020930247 0.02685487
92 15.0 0.29138628 0.12443175
92 30.0 0.27435088 0.28833833
93 1.0 0.0034279008 0.003113142
93 10.0 0.08390685 0.82620096
93 15.0 1.2501463 0.1225592
93 30.0 0.5795025 0.55150104
94 1.0 0.029689778 0.01400777
94 10.0 0.1026188 0.0157099
94 15.0 0.6143697 0.21484366
94 30.0 0.37594694 0.17584445
95 1.0 0.003407628 0.0024708433
95 10.0 0.032036174 0.14700818
95 15.0 1.183562 0.02694535
95 30.0 0.21284506 0.21217868
96 1.0 0.3426526 0.003907323
96 10.0 0.40724662 0.56638336
96 15.0 0.08220708 0.16008143
96 30.0 0.42980823 1.3449426
97 1.0 0.41737282 0.012093751
97 10.0 0.06081955 0.016902171
97 15.0 0.042050347 0.050965242
97 30.0 0.1810495 0.20767626
98 1.0 0.0039972826 0.0026657432
98 10.0 0.013400578 0.010292749
98 15.0 0.6237719 1.1135057
98 30.0 0.15282102 0.75667447
